# file format:
# Lines of comment start with '#' and are only allowed at the beginning of the file
# Empty lines are not allowed.
# The first line not being a comment has to be one integer, indicating the number of
# molecule data sets.
#
# Molecule data consists of
# * xyz-coordinates (3 double values)
# * velocities (3 double values)
# * force (3 double values)
# * old force (3 double values)
# * mass (1 double value)
# * type (1 int value)
#
#                                     xyz-coord                                     velocity                                        force                                    old force           mass     type
100
            1.5              2              0        0.80438      -0.346903              0              0              0              0              0              0              0              1         0
         2.6225              2              0       0.390806       0.529404              0              0              0              0              0              0              0              1         0
          3.745              2              0      -0.470172       0.743287              0              0              0              0              0              0              0              1         0
         4.8675              2              0       -1.36741       0.250401              0              0              0              0              0              0              0              1         0
           5.99              2              0      0.0254713        2.01262              0              0              0              0              0              0              0              1         0
         7.1125              2              0       -1.38405        -0.1467              0              0              0              0              0              0              0              1         0
          8.235              2              0       0.864436       0.806129              0              0              0              0              0              0              0              1         0
         9.3575              2              0      -0.887133     -0.0482107              0              0              0              0              0              0              0              1         0
          10.48              2              0     0.00301333      0.0814983              0              0              0              0              0              0              0              1         0
        11.6025              2              0       -1.15234      -0.302377              0              0              0              0              0              0              0              1         0
            1.5         3.1225              0       0.324095        1.10905              0              0              0              0              0              0              0              1         0
         2.6225         3.1225              0       0.382606      -0.986516              0              0              0              0              0              0              0              1         0
          3.745         3.1225              0        1.41439       0.702464              0              0              0              0              0              0              0              1         0
         4.8675         3.1225              0        0.12217       0.234759              0              0              0              0              0              0              0              1         0
           5.99         3.1225              0     -0.0772029       0.777523              0              0              0              0              0              0              0              1         0
         7.1125         3.1225              0      0.0170482        1.30125              0              0              0              0              0              0              0              1         0
          8.235         3.1225              0      -0.185835        1.56733              0              0              0              0              0              0              0              1         0
         9.3575         3.1225              0       -1.22564      -0.831662              0              0              0              0              0              0              0              1         0
          10.48         3.1225              0       0.454898      -0.626676              0              0              0              0              0              0              0              1         0
        11.6025         3.1225              0      -0.807017        0.84938              0              0              0              0              0              0              0              1         0
            1.5          4.245              0       0.549746      -0.933895              0              0              0              0              0              0              0              1         0
         2.6225          4.245              0      -0.422671       -0.29958              0              0              0              0              0              0              0              1         0
          3.745          4.245              0       -1.05125     -0.0611939              0              0              0              0              0              0              0              1         0
         4.8675          4.245              0       0.552333       0.883008              0              0              0              0              0              0              0              1         0
           5.99          4.245              0        0.42908        1.70152              0              0              0              0              0              0              0              1         0
         7.1125          4.245              0      -0.229905      -0.625341              0              0              0              0              0              0              0              1         0
          8.235          4.245              0     -0.0773123      0.0739931              0              0              0              0              0              0              0              1         0
         9.3575          4.245              0      -0.171289     -0.0370201              0              0              0              0              0              0              0              1         0
          10.48          4.245              0      -0.723861       0.916955              0              0              0              0              0              0              0              1         0
        11.6025          4.245              0        1.28219      -0.882188              0              0              0              0              0              0              0              1         0
            1.5         5.3675              0       0.542416      -0.473518              0              0              0              0              0              0              0              1         0
         2.6225         5.3675              0       -0.13675      -0.227255              0              0              0              0              0              0              0              1         0
          3.745         5.3675              0       0.205155       0.380558              0              0              0              0              0              0              0              1         0
         4.8675         5.3675              0       0.122588      -0.403846              0              0              0              0              0              0              0              1         0
           5.99         5.3675              0       -1.13116        1.09537              0              0              0              0              0              0              0              1         0
         7.1125         5.3675              0      -0.038749      -0.574578              0              0              0              0              0              0              0              1         0
          8.235         5.3675              0       0.158976       0.344365              0              0              0              0              0              0              0              1         0
         9.3575         5.3675              0      -0.134603       0.887177              0              0              0              0              0              0              0              1         0
          10.48         5.3675              0      -0.015997       0.127662              0              0              0              0              0              0              0              1         0
        11.6025         5.3675              0       0.532677       0.988616              0              0              0              0              0              0              0              1         0
            1.5           6.49              0     -0.0878873       -1.66671              0              0              0              0              0              0              0              1         0
         2.6225           6.49              0        1.83438      -0.524526              0              0              0              0              0              0              0              1         0
          3.745           6.49              0       0.618316       -1.80343              0              0              0              0              0              0              0              1         0
         4.8675           6.49              0        1.57011         -1.572              0              0              0              0              0              0              0              1         0
           5.99           6.49              0       0.433522       -1.27945              0              0              0              0              0              0              0              1         0
         7.1125           6.49              0        -1.2402      -0.865241              0              0              0              0              0              0              0              1         0
          8.235           6.49              0        1.80263       -1.02563              0              0              0              0              0              0              0              1         0
         9.3575           6.49              0       0.394453        1.55795              0              0              0              0              0              0              0              1         0
          10.48           6.49              0       0.892135       -1.08857              0              0              0              0              0              0              0              1         0
        11.6025           6.49              0        1.37349      -0.253418              0              0              0              0              0              0              0              1         0
            1.5         7.6125              0      -0.929079       -0.75444              0              0              0              0              0              0              0              1         0
         2.6225         7.6125              0      -0.563569       -1.15292              0              0              0              0              0              0              0              1         0
          3.745         7.6125              0       -1.01657       0.186793              0              0              0              0              0              0              0              1         0
         4.8675         7.6125              0       -1.06705       0.843465              0              0              0              0              0              0              0              1         0
           5.99         7.6125              0      -0.334364       0.168883              0              0              0              0              0              0              0              1         0
         7.1125         7.6125              0      -0.617195       0.973123              0              0              0              0              0              0              0              1         0
          8.235         7.6125              0       0.699515      -0.739654              0              0              0              0              0              0              0              1         0
         9.3575         7.6125              0     -0.0287681       0.613877              0              0              0              0              0              0              0              1         0
          10.48         7.6125              0         1.6734       0.777707              0              0              0              0              0              0              0              1         0
        11.6025         7.6125              0        1.28154      -0.229196              0              0              0              0              0              0              0              1         0
            1.5          8.735              0      -0.196031      -0.142814              0              0              0              0              0              0              0              1         0
         2.6225          8.735              0      -0.174847      0.0830285              0              0              0              0              0              0              0              1         0
          3.745          8.735              0        1.91316        1.46935              0              0              0              0              0              0              0              1         0
         4.8675          8.735              0        1.42915      0.0722351              0              0              0              0              0              0              0              1         0
           5.99          8.735              0       -1.15876       0.184312              0              0              0              0              0              0              0              1         0
         7.1125          8.735              0       -1.54416      -0.547563              0              0              0              0              0              0              0              1         0
          8.235          8.735              0        2.21068       -1.34631              0              0              0              0              0              0              0              1         0
         9.3575          8.735              0     -0.0260949       0.178308              0              0              0              0              0              0              0              1         0
          10.48          8.735              0      -0.250987        1.93955              0              0              0              0              0              0              0              1         0
        11.6025          8.735              0        0.21428       0.517123              0              0              0              0              0              0              0              1         0
            1.5         9.8575              0       0.425233        1.12882              0              0              0              0              0              0              0              1         0
         2.6225         9.8575              0       0.354095        0.85589              0              0              0              0              0              0              0              1         0
          3.745         9.8575              0       0.960346      -0.809547              0              0              0              0              0              0              0              1         0
         4.8675         9.8575              0       -1.19528       0.597411              0              0              0              0              0              0              0              1         0
           5.99         9.8575              0     -0.0214269      -0.651117              0              0              0              0              0              0              0              1         0
         7.1125         9.8575              0        1.14624      -0.374733              0              0              0              0              0              0              0              1         0
          8.235         9.8575              0      -0.174293       -1.08422              0              0              0              0              0              0              0              1         0
         9.3575         9.8575              0       -1.93762       -1.31956              0              0              0              0              0              0              0              1         0
          10.48         9.8575              0       -1.53309      -0.310913              0              0              0              0              0              0              0              1         0
        11.6025         9.8575              0      -0.762134      -0.501205              0              0              0              0              0              0              0              1         0
            1.5          10.98              0       0.035583       0.103341              0              0              0              0              0              0              0              1         0
         2.6225          10.98              0       -2.45792      -0.921952              0              0              0              0              0              0              0              1         0
          3.745          10.98              0      -0.488992       0.464919              0              0              0              0              0              0              0              1         0
         4.8675          10.98              0       -1.61233         2.4234              0              0              0              0              0              0              0              1         0
           5.99          10.98              0        0.56276       0.639671              0              0              0              0              0              0              0              1         0
         7.1125          10.98              0       0.188711        1.50051              0              0              0              0              0              0              0              1         0
          8.235          10.98              0      -0.233193       -0.15988              0              0              0              0              0              0              0              1         0
         9.3575          10.98              0       0.546329       0.685922              0              0              0              0              0              0              0              1         0
          10.48          10.98              0        2.56041        1.18968              0              0              0              0              0              0              0              1         0
        11.6025          10.98              0       0.285011       -3.59477              0              0              0              0              0              0              0              1         0
            1.5        12.1025              0      -0.384987       0.648882              0              0              0              0              0              0              0              1         0
         2.6225        12.1025              0        1.03153       0.245188              0              0              0              0              0              0              0              1         0
          3.745        12.1025              0      -0.923364        1.37539              0              0              0              0              0              0              0              1         0
         4.8675        12.1025              0     -0.0990314         1.2246              0              0              0              0              0              0              0              1         0
           5.99        12.1025              0        1.27718      -0.209609              0              0              0              0              0              0              0              1         0
         7.1125        12.1025              0       0.140761       0.115016              0              0              0              0              0              0              0              1         0
          8.235        12.1025              0        1.23015       0.228162              0              0              0              0              0              0              0              1         0
         9.3575        12.1025              0      -0.522333       -1.06745              0              0              0              0              0              0              0              1         0
          10.48        12.1025              0        0.71285       0.920132              0              0              0              0              0              0              0              1         0
        11.6025        12.1025              0        1.60331       -2.16218              0              0              0              0              0              0              0              1         0
