100x10
0.06
0.07
0.07
0.06
0.07
0.07
0.07
0.06
0.07
plot
0.11

50x40
0.07
0.09
0.08
0.08
0.09
0.08
0.09
0.09
0.08
plot
0.14

100x40
0.16
0.16
0.15
0.17
0.16
0.15
0.17
0.17
0.16
plot
0.28

160x50
0.25
0.26
0.26
0.25
0.26
0.26
0.25
0.26
0.26
plot
0.51

+++++++++++++++++++++++++++++++++++
Normal:

100x10
0.02
0.03
0.04
0.02
0.04
0.03
0.03
0.03
0.03
plot
0.06

50x40
0.12
0.11
0.12
0.12
0.11
0.12
0.12
0.12
0.11
plot
0.18

100x40
0.5
0.51
0.51
0.5
0.52
0.5
0.51
0.51
0.51
plot
0.62

160x50
2.18
2.16
2.18
2.18
2.18
2.18
2.18
2.18
2.18
plot 
2.39

